1011111111110100011000110000101111100001110110011100000000011010 
1011111111010010011100110111001010001000111000011010000110110111 
0011111111011101101001001101010010010111110100000000100011101111 
0011111110100101000111110000100011010011011011011011110100001000 
1011111111101010011001010110000101110101010111100101100000100110 
1011111111001001100000000011000001101001001001010111100001101010 
1011111110110110011001111010010000110000100011110000100111101000 
0011111111110101111100110001000101100100110100111010001010110000 
0011111111111001110010001100110111100110010100011011011100011101 
1011111110001011011000100100111001001110010000010101101110000000 
1011111111010010100100111111010111100100101011010100000011010100 
0011111111111000001001101001101111110111111100110110011001000110 
0011111111100101001001110010101100001100010011110100101011110100 
0011111111010100010000111011100000000100011001011010001111111100 
0011111111100011011010000100010101100101111001010010110110100010 
0011111111110111100101001000011000010100100110011010101010100010 
0100000000000001011000011110100101000000111101011100010001100100 
0011111111100010010101100010010010001011101111010101101000001000 
0011111111101111111100010110101110011011011010001010101000000110 
0011111111110010111101000100000111001010010000011000010101000000 
0011111111110000110101011001101101101100011010010101101101111001 
0011111111100101101100111100011011010001111101101011100110011100 
0011111111111000100111111100101100111010100101001010011100011010 
0011111111101111111101010111110000001100110011011110101001010011 
1011111111000110001001001001011001001011010101010010000011010000 
0011111111100101001000101111001011000110111110000101001011100010 
0011111111100110001010000110110110110111111100000110011001101010 
0011111111101101110111010111100001011000100101011100000111101000 
1011111110111111101110001000101110110000101000111001110001111000 
0011111111101101101011101001110101011010000111110100000101011101 
0011111111100001010010000111001001111100011010100111001111010100 
0011111111100000101101101010011101101000000001100000100010110000 
1011111111101010011101001011110001101010101000010011100011001111 
1011111111100101000011101101111000101010000110000100111110101011 
0011111111101000111001000010001011111010001011111111010100010000 
1011111111011010010100000000101010010101011001010110101010111010 
1011111111110101000101000001001011000111010111100111101111101100 
1011111110111111001101001111001001110011101010010100000110111100 
1011111111111001011110010101100101111101000011100101110011010010 
1011111111101001110110011010101110100000110011011100111101000001 
1011111111000100110111111001001101100010000011010100001100000100 
1011111111110001011100101001000101011011110011000100110101000010 
0011111111101100101100000000010100111010101111111101010001001110 
1011111111101111110000000000010011010010100011100000110010101000 
1011111111101110000111001011010001011000011101010110010110100011 
0011111111011100111000010010101111100011001011101110100110101110 
1011111111110000111011110100011110110101001111000010101101011000 
1011111111110000110001000010001100010101110100000110101001000000 
1011111111110001101000101010100111110111111011000110111010001001 
1011111111110001001000110000011001101110000000010000001101101011 
1011111111100010100100010000000011011110011001100110010011000100 
1011111111101011000000111111001011111011110001011100100011000101 
1011111111111010001010000101101010011101011000000001111000110010 
1011111111111000001101100111010010111110000100000111100001011001 
0011111111100100110010111001010111011011000111110011001100111111 
1011111111101110000001100111010000011110101000110110101100111001 
1011111110111011110111111100111001101100010000101101010010110000 
1011111111110001001100011000001000011011001001111011101110010001 
1011111110110011011111010000111010111111110000000110101101101100 
1011111111100001010001111001011000101001111010010111000001001100 
1011111111011011111001001011001110011000101110001111001111100000 
0011111111110101100111101110111111111010001110111011010110111010 
1011111111001010110110000101001111001000000001010010011100101001 
1011111111100100000010100111011100000100001101110101011101111011 
0011111111010101000100010011010001011010101001101101000100010111 
0011111110110100101011010110001110100010101101010100011111101100 
1011111111011001000100010100010000001010110110100101001101100110 
1011111111100100101010010101011101010010001111111000100010111010 
1011111111100000101110111101100110100000110111011010111000111111 
0011111111101100101110000010100000110101001100010010011010010000 
0011111111010110110010010000001100000110000010011111011100001011 
0011111111010111011101010101110011011111011011111010000011101001 
0011111111101111100011011110111110010100111101101100001111011000 
0100000000000000010100110101010100001000110110000000110011011100 
1011111111010010010101001001101100110101000101100001011001101100 
0011111111100110110011001111111000100111111101101110000111111011 
0011111111100110010011110101100001001111001000101100011000100110 
0100000000000000111011000110111111010000101110101010100110001000 
0011111111110111110110001000000011010010000101100010001100101111 
0011111111110111101101010100110001101000001010101010101011100110 
0011111111111010001100111100110010111110010110010111011000011110 
0011111111110010000010010001111111111001110011101110001001100101 
0011111111101010111000000101000101010011010011101110000011011000 
0011111111110100010000110110111110110101001110001000001111000010 
0100000000000000110111100010011000001110101010011101010001110101 
0011111111110000010101100111110101010101100001100100011110100101 
1011111110101100100111011001011100100010011010000100100011110000 
1011111111011110000000110010001000110101001010110111001000100010 
0011111111110000101010010101010100001010000101001110101001000111 
1011111110111100000100100110101011100000011011100110111111011000 
0011111111110000100010010011000010101000001111101000010101001110 
0011111111101011111000011101110100100100010111100010100101101111 
0011111111101110001011011100000101000100101000111011011111101010 
0011111111010010000100100110000111100100100111000111100100010100 
1011111111000001110000101100101010011000010000000110011100111010 
0011111111001010101011010001010001001101110000000001001111110000 
1011111111001100101100111010000111101111111111100111010101001110 
0011111110110100011001110001110111010111000110101000111011100110 
0011111111100001100001100110011101100101100000011000010010100000 
0011111111001110010100111111001101010100100010011011111010010010 
0011111111100110000011101010110010010111001010100100110000100011 
1011111111100001111011100101010101100000111011111101110010011101 
1011111111101100010011101110111101100010100000010101111000000110 
1100000000000001010111111011011100000001010000101101111101100011 
1011111111101101100001111101000110110000101111000011000001110010 
1011111111011101100010011100111011001001010110111001111100010000 
1011111111111000000000110010100010110011001110111000100100100100 
1011111111011111101000101001010011110110111101110110000110101001 
1011111111101000110001001001001001010000010001101000001110000000 
1011111111010010010110100100011110000101001010000001010101110000 
1011111111110101010001000011101111000010100001101100010100101100 
1011111111110101011100101000001011000111100000000111010100101001 
1011111111100000110011010011100110000101001100110001111110000000 
1011111111000010011010000101101000111100001100111010000110011000 
1011111111111110111010111001111100101110000101001000110111110011 
1011111111110100000111101000101101111001101010011011000001010000 
1011111111111000000001110100011011001110011001010111011110001010 
0011111110110010111011100001010011001010101011110011010010101000 
1011111111111001101100000000110001111011100101111011010010111100 
1011111111111010110000110111001110001000111001010110001000111010 
1011111111011101100000101001000011111000010101110101100010010010 
1011111111101011110111110010001110000101001100010100001101000011 
1011111111101100111101100110111011011010101110011101011100111010 
1011111111100001010000100111000011110011011010000000110110010100 
1011111111110011101110010001111100100101001100011010011001010010 
1011111111011000001011110100011100000100011010101110100101110100 
0011111111100100000110001011100100111000111101011101110100101101 
1011111110100001011001111110111001110110110100001010000011001010 
