0011111110111000111000111001100001100010111001001100000100000000 
1011111110100010101110101001110000110100000100000010011001001110 
0011111111000000111010101110111100000111011111100111010101010110 
1011111110011010111101001010010010101010011100111001100110100000 
0011111111010100101101010001000110111111011001111100010101001111 
0011111111010101110011110011010101011000011110000000000000011000 
0011111111110000110110000011100010110010110100000100000001110110 
0011111111100101101111100011010001001101101111010010111100110011 
0011111111101000010000101111111001101010000111111010111110000110 
0011111111010111010010010110110111000101001110001101010000111100 
0011111111101101101100010010011110011111010101101111010011111111 
0011111111100001000111100101000110110100001001000111001001111000 
0011111111110001101100111010100100011001000111110001111001111011 
0011111111100111111001000101011100000001011000000000101011010101 
0011111111101000110110011011010001111101000111010110010111110110 
0011111111101101001110101101111101001001101100101111110111101001 
0011111111110011000110111111001001000000111011110100011110001010 
0011111111110010011100111101000101100111111011000000110110010001 
0011111111100111010011010011101111001001101101011101111000101111 
0011111111101100100101111011000100000110100011101011000111100011 
0011111111101101101010011101101100101001010011111000000100110001 
0011111111110011011001101111001010011110110100110011110011110000 
0011111111101011000110100111111001111111011101101000011001010000 
0011111111100101001001010111111010001111001000000010011010110000 
0011111111100011011111101110000100010001001000010011110110001011 
0011111111100111111101101101000010100101010011010111000110011111 
0011111111011110101100110101001001000111101010100111101101111111 
0011111111100011100100100101111010001001000011011101010111001011 
0011111111010000011111011101011101110010111010100100101000111000 
0011111111001000111011101110111111100110000000010110101011111110 
0011111111011100100000011111000001101001111010101001101000111100 
1011111100001001111100010011001011110001010111111101000000000000 
0011111111011100010001111100100101000001001010110011000101110001 
0011111111000001001100001011001001110101000001011000111111001000 
1011111111010011011011101101111101000000111111000001011000001010 
1011111111100001001011111110001110110101101001000011100001111100 
1011111111001110001011010010000011101111100001001111100101000111 
1011111111100000001110011110001111110000100110001011110001001011 
1011111111101111010011001100100000010000100010101001011010110001 
1011111111011110111000111000010011010001100001100101000100011001 
1011111111101000000101011110100101111010110100110000000111011110 
1011111111110001111110111100101000101000001000100111011000010100 
1011111111110000000100010011110000011001101000011001110000111010 
1011111111100011000010100010000100111111100101101001110000000001 
1011111111011101001100111111000001010110111010000111010101110110 
1011111111110011010110001000010000110101000101001100001010100011 
1011111111101110001101001010010110001101010101111101000100001010 
1011111111110000000011101110110101111001001101011111010100011000 
1011111111101110001010101000001111011000000010110101100110111001 
1011111111101110111000100110011110111001010111000001100101011001 
1011111111101000011110011001101011000111011110000100001100111010 
1011111111110011101110110010011110001110111110001101001110101011 
1011111111101101000001101001100010011001110001100010100010100011 
1011111111101001010110101001010100110001111101110010110000001111 
1011111111110100111101011001011000010010010110100001110101010101 
1011111111101101100011100100001000101010111110010011010100001110 
1011111111101110110101011010101010110111001010000110111101101011 
1011111111100110010000001000100100111000010000110111010001100011 
1011111111100100001110010011011101011100100111110101101010111001 
1011111111100111011100011111010100111010101110101000010000001100 
1011111111100001010010111001110011000001101010000011000000111100 
0011111110111111010011110001001011101011000000001101001001111000 
1011111111001000010010011110001110110000111111001011111010011111 
0011111110100100100110000001100001010101001100100010001011011010 
1011111111001000000100010100111000111010010110110000001011111011 
1011111111010001100011000111100010110010000010101000011110011001 
0011111111000000110001010001111000011101010100111011100111000011 
0011111111001010001010000000111011101000101000100111010111010001 
0011111111100000011000101001001100001111001110110110100001111011 
0011111111011111100100011010000010010110100001010110111110011010 
0011111111010110010101100100110100011010110110000111100110001110 
0011111111100111110010111000101111100111100101010111100101110101 
0011111111100011100111101010111001010111110101100010010001011011 
0011111111101111001010111111100111011010110100111101110011100110 
0011111111100001110111110001101110000011011010010010111010011101 
0011111111101000101010010011110000111110001101101101011100110010 
0011111111110101010010000010101010010110010011010011000111100101 
0011111111110100011110110101111000001101000101010111001000011100 
0011111111101111111101101101000101010001111001011111111001100001 
0011111111101001101110110100000000000000101011011011000101000101 
0011111111101101000011010000111101010000011110000000011101011111 
0011111111110000101111011100000010001010011010010100010100001110 
0011111111110010001010011110010011000100000110111101110011110011 
0011111111110100001111001011110111010110010101111101110010001111 
0011111111101111010010011100001101000010010000110110001010001111 
0011111111101011100101010101011101010101000010101000011100110110 
0011111111101001100000111100110010010110010000010110011011000000 
0011111111100111000000011001010010110111111010010010001101100110 
0011111111110010000011100101111101001101101000000101101010010000 
0011111111101110011101101101101000001011110000100111011010001000 
0011111111011011111000011100001011010111011111011110011011101001 
0011111111010001111001011001010000000011100000100001011010101010 
1011111101110011110011100011100111011100001010110000001010000000 
0011111111011111011011110000111001111101101011110110100000001011 
0011111111010110100010001101111110010110001011000110100111101011 
1011111110100110011101001011100000111000111011110111101100010010 
0011111110111001001111011101101100111010000101110001110001010010 
1011111111001011010001001110111101110010001010010101111110000000 
1011111110001111111010001010110000101100010101011001010001010000 
1011111111100001000111010001001101011010101110001011110010111101 
1011111110110010011101101100011001011111011011010011100000100100 
1011111111011111100110100101101001110100001010110000011010000001 
1011111111100111000110010101010110100000011100101010100011100010 
1011111111010111000001110010011101111111110111100110001001000101 
1011111111101101011110111010010101111111001101010100111111101010 
1011111111110100001010011101000001000010001100010101110111111001 
1011111111101010010001010010000110100100100001100111101101110010 
1011111111100101011001111001001111100000000101010100011011110100 
1011111111101010101011001110101100100000000011011001000101001101 
1011111111101110000011001001011111000101000101001100011000101010 
1011111111110000011110111100101001111111000001110100000000010010 
1011111111101000001010001111100000011100101111001110101100011110 
1011111111110000001000101010000110110011101100010100001111010111 
1011111111110000001011010111111101111011010001101100100000111110 
1011111111110000000011001001100111101110100110100010101100110110 
1011111111100111100100011101101101011100111000101100111010000010 
1011111111110000000010110100010001101000010100001011000111110110 
1011111111110000101011011111100000101100011110101010110010000101 
1011111111100111000100110111010111100011001001001110000010111010 
1011111111100000110000111100111010000001110111010110000000001001 
1011111111101111001100011101101101010010100100100000000010011110 
1011111111101000110010101111100101010100000110111100000110010111 
1011111111100011010011010010010010100000101000010000101100101111 
1011111111011111000010001100011010101100111101111100111010000110 
1011111111100010001110010001111001101110100101001101000010100110 
1011111111010110110010111010011011010100011111000100001010111111 
0011111110111101100111010101110100010011000100101000001100001100 
0011111111001100000101110101001011100000101101110101000100111100 
