1011111111100001000011000001101011010010011011011011110011001110 
0011111111101001110111100011000000100111100100010001000000000100 
0011111110101111100011000011101110111110100000011011100101001000 
0011111111001110111100111010100010100110111011011010111001110101 
0011111111010100111011100001101101001111101001101001111000011000 
0011111111100011010000101001101111011111011001110110110011100010 
0011111111101010110001110001100100110001101101000000000111100110 
0011111111101100111001111011110000110010100010000111111101010110 
0011111111100011000111110111010000001001010011011110111010111100 
0011111111011110101100110000011111100110101101111001001011110111 
0011111111110010011011110110111110111100110010011110000001101000 
0011111111110101100011010010101111111001101011101100010010011100 
0011111111101111100011101110111010110001110110101011111100100011 
0011111111110110010001101000110011000101101111100001110110100100 
0011111111101001010001111011011111110000100001101001110010101000 
0011111111100111110110000101001111111110111101011100111011100000 
0011111111110011011000011010110011010001001111111001111001001011 
0011111111101100011110000101001000101000000111000011010100100110 
0011111111100111111111001110110000101101010010000100111101010100 
0011111111100101100110110011100000101101011011110110110010001000 
0011111111101000011001100111101010000000011111101110011010010010 
0011111111011010000100111111010001001001001010100110101000010100 
0011111111101001010111110100101101010011101011000010010010010000 
0011111111100100111101101110110010101111110101111011011010010110 
0011111111101111110001011110101101111011111001111100011000001110 
0011111111000100010100001001100010101100010100111101111110100000 
0011111111101110011011111001010000100000011110000010000000110110 
0011111111110001001100011100111110111100000101001000101100010101 
1011111110010111110111000100001100001010000101111100001111100000 
1011111111010100100010001000111001100101100110000100001111000110 
0011111111100010110111110100010100011110101011000100001110000100 
1011111111011001101010101110001111010000101100000110010001110101 
0011111111011001011111011111000001101001001110011001100000110111 
1011111111000011101010001101100001001011110000111010101011110010 
0011111111001000010000010011101111011100010111001001110000111000 
1011111111100001100010101000101100001011001110011111100110001111 
1011111111100010010110000011010011000100101000010011100111000100 
1011111111011110110111000000101010100001010111101111111101101111 
1011111111010011100111110111100111101110000010111111001010010010 
1011111111100110010011010101101011001000011011111010000110010110 
1011111111100101010101000111111111100000110001000100100010011010 
1011111111100110111111011001111100000110110000110101100010110011 
1011111111110001011101000101011001101011010010110000010010010001 
1011111111100110010001100110011000101101001100001101011001100010 
1011111111110100110111110110001101011110110100110011011111110000 
1011111111100011101011100101101001110101111000011100100101110000 
1011111111101011101110010011001111101110101110101010111000101111 
1011111111101101100011010000011111000110000101111001101111100111 
1011111111101100000111110111010101000001011100001111111110000111 
1011111111101101001011011000110001011011101011111110011011001100 
1011111111100011001110101101101011100111101101100111011111111011 
1011111111110000001111011111100110000001001011100101011010000011 
1011111111110010101101110100000000110110010001010001001111001111 
1011111111110011110011110111110101111001100010110100110011011001 
1011111111110100011000010011001001001100110110111001111010001100 
1011111111100111010101101101111111100101101111000010111110110000 
1011111111100111101011111001100001011000001011010010101001011110 
1011111111011100101011110110100001001000101101110010110110110100 
1011111111011110100101011011010101110111100100111010011010101110 
0011111110110001001100000000111101110110011101101010000011000100 
1011111110111110101111111101010000001000101001001110100100111110 
0011111111010111010011101011011111101000011100000110100010111100 
1011111111001110010111101000101101100110011110100100000011110110 
0011111111010000110100111110100101111000101110111100101010110100 
1011111110100101100010011001111011101111011100001000011011001010 
1011111110010110110101010010000000100001111110010101100101010000 
1011111111000100110011111100100001100101000000001011111000101010 
0011111111011001101101010110111110000000000110011101010000000010 
0011111111011010110111000011111010001001010111010000000111110011 
0011111111011100001111011110100110111100011110001111111100011101 
0011111111110010001110011000010111111001110011100000001011111011 
0011111111110000111001110100000110111111100010011110001110010110 
0011111111100010110100001100011100110011111001011011101001001000 
0011111111101101001001001101000110110011111101111010000101000011 
0011111111100110001100111101110100011011010000000000010101001010 
0011111111101000010011101101101011111011000100100011100100111110 
0011111111101001110111100001001100010000100011111010100111100101 
0011111111101000011101100100111100000111111011100010110110110010 
0011111111101010011111000101101011011110101001001110011010110010 
0011111111100100111111100101010010000001111011101011011111001000 
0011111111110000001001100111000011111001101011011000011110010001 
0011111111101111101000110011100111000101101100100100010001001001 
0011111111100101100010110000011110010100001010010100010111010110 
0011111111101010101101101001001011110010110100001000110110010101 
0011111111110111101101001001101010100101011101111000000111001100 
0011111111011101100101011100011111110100010010010111011100000000 
0011111111101011010000100001101010001011100010101111101010101101 
0011111111110111101001101111100111010000100001100110011101110010 
0011111111101011101011011100110011110011000110010001111111101110 
0011111111000100110010101001110100000100100110000101000110010010 
0011111111010111000001011010111001010000110010110100010011010011 
0011111111110000110010011111010101100010100001100110101111100110 
0011111111101100001001101000100110000100101111010011000110110110 
0011111110111101000100001100110001010111101010010000110001011100 
0011111111010001100011011100001001001110011111111110110000111011 
1011111101111011001100110010110010000110000111011001001100010000 
1011111111001011111100001100110101100111010001100100010111010110 
1011111111010101011101101010111100001001100100100101011110011000 
1011111111011010110001101111101010011011011010010110110000010111 
1011111111101000011100100100010100101100110000010100110001110101 
1011111110110110110010100111111001101100010010100010100001101000 
1011111111010101111100000110011000010101011010001001001101100010 
1011111111100111110100111010000011110100101010000000111101111001 
1011111111100011000011100110000111010100110100101111000111101110 
1011111111100011001011010110010010010011111111001001111101100010 
1011111111100110100011110000010101100010101011111001010100111100 
1011111111100101001011101001000111010010010010000000001000101010 
1011111111011110110101001100101001010101110111100111011000000100 
1011111111100100100101011011101011011111010001110100100010000001 
1011111111101111010000001101100001110001110100000110010110010101 
1011111111101010010010111100011010000100001101101001000000000100 
1011111111110001011101011011100011011011000000010111111000011110 
1011111111101000001011110010111010010100000100000100000111101000 
1011111111110001001101100010110000111001001101110111111011001111 
1011111111101110110011000100111010011111000101111100100000111011 
1011111111011010010010010111000011101001101100001111110101110000 
1011111111110000101010110100000101100101101100100101010010100000 
1011111111110001110110001101011001100110110111010110111111100100 
1011111111011001010001100111001100010100101011100000111101101001 
1011111111101101100101111011100010010111011011011111101001100100 
1011111111101001001011010100011101111011111011000000100100000100 
1011111111100110010011111110000100001011111111110110101010111110 
1011111111010010000010110101001001100001000101110101010000110010 
1011111110011110101010100000110110101101011110000010100111000000 
1011111111001000101111001100111011100000111111111001000001111001 
1011111111000110110011101000100101111100111101101110100000001100 
1011111110001111100111001000110000000100110110101110010101000000 
1011111111010101110011011011111001111100100011010010001010110100 
