1011111111100101111110101001100000110110010000101101100001000000 
1011111110010101110001100110100001100010011000011011100000100000 
1011111110101000101010000000011010100010001111010101100101110100 
0011111110100001000100000010011011011000111010001000011011011000 
0011111111001111000101111100001010111111011000101110101000011001 
1011111111001001000110000101101111101110010110011001011011110010 
0011111111100001000010111101010001110100101011011000010000100110 
0011111111100011000100011011100100001011110010001001110001100011 
0011111111100100111100111001101001111011000101101000101100101010 
0011111111010100110000011001001010001100011111111111001000100101 
0011111111101101100001101010010101111101111000100100111111101010 
0011111111101101011001000100111011000000000010010110101110110101 
0100000000000001100010100001001000000100000101001011001010000111 
0011111111110011110110111000101010001001010100100000001101101110 
0011111111100110001011110111010100110110001111110011110011101111 
0011111111100100100001011011010111101100111101001111100001000110 
0011111111000000010101110100110010110001100111010110001101010000 
0011111111111010010001100011101110000110001000011011001110101110 
0011111111111001010010001101000011100011010101000011000000111011 
0011111111110101101000100111100111101111010000010010000100011010 
0011111111110110001110100010010100110101100111011100111110011100 
0011111111111011011100111100011110101111100011011010011110010010 
0011111111011110111001100000001111111000000011000011111111110001 
0011111111010101101011101000111001000001000001100011011000011000 
0011111111100000000111111100111111000111011011111110101100100100 
0011111111110111010010010111000101100101011001010100101001111111 
0011111111100111001010110100110100001101110010101000001000111011 
0011111111111010011001101001111100011110001001111010101001001100 
1011111111000001111010100100100001010000000110111100000100110100 
1011111111101111100011001100011100010000000010110110111001010001 
0011111111010010101110001110101110001110100011001101000001000000 
0011111111110011100100010010100101000100100110101000111000000101 
0011111111011000101011000111111011010110001111101010111011110010 
1011111111101101000001100110110111100000001000110110000101101000 
1011111110100010011101110010010001111011100101000101001111101100 
0011111111010111111000100110000001001100000101010001110111001100 
1011111111100010011100110010011101111001101001011111110101110110 
1011111110101001011000011000110110001001001011010000111101111000 
1011111111100101110100111100011011010100110101111100000110010010 
1011111111010001111011001011011100110100100001110111011101001101 
1011111111100101110101100000000111111111000111100000011010011100 
1011111111111100010101010001010100110001000000100101100010101111 
1011111111100010001001000001001001101001110000100100011011111000 
1011111111110100111100011110100101100001000000101111111110011100 
1011111111100011000100110011000100011111001101010000111001011100 
1011111111100011101101101000100110111110000010011110100100010011 
1011111111110000101110101101001110110011110110100011011100000000 
1011111111110111010110101001101110011110011000111111001100111011 
1011111111101100100001101010010000001010011110100001000101110110 
1011111110010011100000101111100100101000101100100010011000000000 
1011111111110000010111001010100100101000100001111111101010110010 
1011111111100111111010110110000101100101010111011110101000011101 
1011111111100101111100100000100010010000101010001001010111010101 
1011111111100010111001001000100011100100101000111011110101011100 
1011111111101011100001111111100011001001001001000100110110110110 
1011111111101010000111110101101010001011001111010101110010111101 
1011111111110001101110100111110011011001010001100011100001110001 
1011111111101000110111101000011100110001100110100010000000100110 
1011111111101001010101000000010111100101100001000100010000110111 
1011111111011010000101001110001100011111100000001011111010110001 
0011111111010001101010101101100011111010001100011001110000001001 
1011111111000100100001110000111001110100001001000010000111110101 
1011111111100010001101011111001101111100110110000011010010011001 
1011111111011011100001001000101101101101011101100000001101101100 
1011111111010111000000110101111110011100000011001110101101000011 
1011111111010100110101100011111100111111000010001100010101110010 
0011111110100010000100100001110000010010011001110111101100101000 
1011111111011011001101110001010011101110001101100000100000011110 
0011111111000010011010000000100101100110100000000101010101101010 
0011111111101010011101000000100011000101100011010000101110100000 
0011111111011111001100000111011001000111101011110100011010110110 
0011111110111111100101100100101111010000100100000000100001110000 
0011111111101100111011000111111100001000110100011000000001001000 
0011111111100001000111100000101011100100011010000001000000000101 
0011111111110110001111100110110101011010111011010000000000101100 
0011111111011011011100000000010010001111111100110111100111001000 
1011111110010100010110110100000011000100100110101100001011100000 
0011111111111110111110100110101011011100100100111011100011100000 
0011111111101101111100001010101010101000100100111001010001010111 
0011111111110111001001100011111110110100001110000011110010000000 
0011111111110111111110110111100111000011100000010011010011101011 
0011111111101000001001100001111100110100100101110100111011011001 
0011111111110011111000011111011010001111010011011111011000101010 
0011111111101000101010101101000000111100010011101110000111111010 
0011111111110010001100010111011011000100011111001011001111000110 
0011111111110001100001111010110000010011110100001111100011110110 
0011111111111100111000001110000001100001100101111011100000101011 
0011111111010110000010001100101100011110010011100110101000011011 
0011111111010111101100110000000001110011000110100110011111010110 
0011111111110000000101011110100110001111010101101110111011100110 
0011111111001111100110100011110010110011001010011001011111101000 
0011111111011001001100111001000000110101001111001011110001100010 
0011111111101111001011001011000100000000000100010101111010010110 
0011111110110110101011100100001010001111010001100000010011111110 
1011111110011100000100111111011010001110001000000101011001110000 
0011111111000110110101001001001001001010000111100100111101001110 
0011111111001110000111001001111111110111001000000110111010011100 
1011111111010011100111010011101010110000000010111110000000000000 
0011111111110000101001100010100000011111101101001100000110111000 
1011111110110101101000001101100100110101010000100011111011001100 
1011111111100111101110101111100010110111010101000000111010010100 
0011111110110010101001101001100001011000011010001001100110001000 
1011111110011011011000001011110111111011010011011000001110100000 
1011111111100101001011001000011010111111111100001100101011101010 
1011111111100100001000000101001100001010000100101000011101110110 
1011111111111000100110110000001110110011000100000101011010011010 
1011111111101100001010101101000010011100010010100011100010110110 
1011111111100100100001010100011111001010011001001010001011110000 
1011111111110110000111000111100011111101101011100101110101100000 
1011111111110000110011001000111111101000001110101110111001111100 
1011111111110000101001101101011010100011001010010010101000011001 
1011111111011110011000111110101011100110111001001011111001110100 
1011111111110011001101101110110010101011110100110010110111000101 
1011111111100000001010110111001011111101100101001011101110011111 
1011111111100010111000000010111100110001000000010011101011011110 
1011111111100001101100011110010111000011010100010011100111001110 
1011111111110010010111010110011011100101010000000101000110101111 
1011111111011110110001111010101000100110110111000110010011110110 
0011111110011110011000001010111110100101110111110000000110100000 
1011111111110000110111011011000011100011011010010000010110100101 
1011111111101101111000011001010011011111100100100100111010101100 
1011111111100100100001101010101101011101000010111011101010100001 
0011111110111101001001100110100100011010010011110111101000101000 
1011111111010000001001000100011110110001111111110000010010100000 
0011111111001010101000011000001011100010001100010011001001000000 
1011111110111011011100101111111001111011011000001101011111111010 
1011111111100110110111101110111001010010110100110011100101110011 
0011111111001010010000000000101011000111101100100101010000001010 
