1011111110101110001110100101011110001101011111001111011100010111 
0011111111000100111001110101001000111110111111100100111000000110 
0011111111010011011110010010100001010100100100101110010111100010 
0011111111010100010111001000100000100110110111001111100001011110 
0011111111010100100110000100101101111010011110000111111111111101 
0011111111011101111100011000010110100011000110010000010111011011 
0011111111100100011101000010111110011010010100111011100100001010 
0011111111100011000001100100001101001100101100010101011110001111 
0011111111100110101010101001110011111010011010100010101101011010 
0011111111101011001001111100000011001100001110011101001000011101 
0011111111101001101010011110110101100010100001001110001001100011 
0011111111101100011000001010111100011001110100010001011101011001 
0011111111101111010111000011101000110011001100001111001110010011 
0011111111101011110111001100001100000010000111111011111000001010 
0011111111101100000000110100010010000101011100110000100100000110 
0011111111110001010010010010000111101000001111000011010111110101 
0011111111110001111100011001011000100011100101101010110101101100 
0011111111101111000000011110000101110111101001110100011010100111 
0011111111101111111100111010000011000111110100000001100111000001 
0011111111110000001011110101100001000010010100100001110100100001 
0011111111101100010100010000110100111100111110110000101000100010 
0011111111101010110000000011111101011100011000111011010000101100 
0011111111100110111101100000011111001000110111101101100101001011 
0011111111101000100010011001111000000100100100011010100101010100 
0011111111100110101011000100001000010101100101111010000001101100 
0011111111100011001000000100100100001111110010111011001110100111 
0011111111100011101011001101101111100110101000101010100110110101 
0011111111100010000110101110111101111100100101101001010110100010 
0011111111011011010000111010010111001000100000100100111101100010 
0011111111001100010111000001110011111011001000111110110000111010 
0011111111000100111010011000000111100111001110111000010011111101 
0011111110100100011000001000000101010111010111100010110001110100 
0011111110100101100010000000111101110010000100001000010100001100 
1011111111010000001110110010100110011001101100111001100110001010 
1011111111010000010011010101011101011001100011011011000010010001 
1011111111001111110001101100010001101100000010101001111100011110 
1011111111100000001110100111010011011001100010011010101111001001 
1011111111011111101010100101100011111010101100100000011000111111 
1011111111100001101101011111110110001000010111111001000010100101 
1011111111100001100100100011101101010111110111011110000111111000 
1011111111100100101111000000001101001100100100000100010011010011 
1011111111100110001010011000001100011000010001110100111011110001 
1011111111101001110100001001101100011101000101000110110110101000 
1011111111101100011110011001111001011100000010010101110110000010 
1011111111110001100110010100111110111111010111011010110000000010 
1011111111101110101101011111000100010100001101001011100110010000 
1011111111110001011011001001001010101101011110111101110101011100 
1011111111110000000000011100000111011101100101101001001011001101 
1011111111110000111101011000001010001010000000101110111001101110 
1011111111101101011000011111100100001111011011000000110011100001 
1011111111101101101111111010110011011111101100100010011111001110 
1011111111101010110010111101000111100100010010001110110011001000 
1011111111101110001000111000000100000101001001110100011011100101 
1011111111101110111000111000001011111101100111001101111101111010 
1011111111101001110111101001001101000011000100111001101011101100 
1011111111100111101100011111111101100111100011001011111000010011 
1011111111100111110101101110100011101111000100111001001011101101 
1011111111100110001010000011100001001111001000110010101000100110 
1011111111011101111000010110011100011010110011101011000001101010 
1011111111100000111100101101000111100101110000001000010101101001 
1011111111011000010100001001001001000000101001000101100100010001 
1011111111010111100100111110001000000101101111101100110001010111 
1011111111000101001111000111010011110010010110001111110010100010 
1011111111001000010001100111000001100110100001001011100001100111 
1011111110110010100001100001111011101100111000010001010111101011 
0011111111000000111111100000010101000110100100000110100100001000 
0011111111001010011010001001110100110100100010111001110110001110 
0011111111010001111100101001010100011001101111110100010111101001 
0011111111010101110110000111111011100011010111001011110000101100 
0011111111100001100110100100111011000110001101101100000110011000 
0011111111100100010110010110101111111011101111110100000000111011 
0011111111100100011111000111110011111101010011011100001110011110 
0011111111100111101001001111100010110101001000110010000001001000 
0011111111101010110001000011100000101100011001110110101000111000 
0011111111101010110000001000111110001110010011011100001011011000 
0011111111101100011001101101110000011110111111001011111111101001 
0011111111101011011010101111010010100111000101111100001111111111 
0011111111101100001110011011101100101011011101101101001110101000 
0011111111110000000101100001100110001010100010000000101101011111 
0011111111101111000010010100111111100101100010111001111000011001 
0011111111101111110111011101111101111111100001001110101110010000 
0011111111110001000111011101100111011001110110111001011010000111 
0011111111110000111010110111010110110110001111101110011101110000 
0011111111101111001010000100111001000100100110000001010110001101 
0011111111101101111111100100110001010011010001000100001011010110 
0011111111101011000101001101001010000100110100100001101101110011 
0011111111101001110100110000100011100011101100101100011110110110 
0011111111101001000100111001101000101000101010011010110001011010 
0011111111100101110001100101010000010010100111110100010111011100 
0011111111100010101010101010011011110001000010111111011110111101 
0011111111100001001001001011000001011011001001010100111010001000 
0011111111100000000001100000110001001100110011111011111001010110 
0011111111010101010000011000111011010000010111011001010100111001 
0011111111001100001010000010111011101110110101101111000110001000 
0011111111000001000101111011111110110101010101010010011100010010 
0011111110101101010001110101001010011110100010010010110110010011 
1011111110111101110010011010101100000110010011101010000110001110 
1011111111000001010110011111011101101010111111110011000110111011 
1011111111001010100110111010011001101010001111011010111001100111 
1011111111001011011100000010011001101100100111110110101111110011 
1011111111011011101110001100111010111001011011100111110000000111 
1011111111011111110001100101111001001010010000100000101101011110 
1011111111100001011001010110001001000000000100011110000011111101 
1011111111100010010001001001100011001001110101010000011000110000 
1011111111101001000111100011100111111101101010110011010111010100 
1011111111101001110101010101101111101011011000101100101001000101 
1011111111101101011011110011110010111010101011100010101000111010 
1011111111101111000010110000001100111110011011000110100010010110 
1011111111101101111100101101010110000000001000101100000000010000 
1011111111110010001000101110001010010110001101011011000000110110 
1011111111101101110010100110110011110010010000111111011100110000 
1011111111101101010001101011100101000011100001000010001101001111 
1011111111101101001001100001110110010110111010100100001100011110 
1011111111101111110101101101110001111100111001110001010000010111 
1011111111101110111000001110100010001110000111111100010110001101 
1011111111110000000010001100100000110101000110101101110011101000 
1011111111101010110111111010111101111100001111101001111000001101 
1011111111101100101110001010110110010000000000000001011111011011 
1011111111101001011100101110000100001001010000000101000001001110 
1011111111101000011010111010111011110110011001111110011101010111 
1011111111100101101101001011001100010101110001010000100111010001 
1011111111100001000111011100011101000010000000100100001100110000 
1011111111100000100110100100110011110010000110100001101110110110 
1011111111010111011000110100000110101100000111110000001111111011 
1011111111011010100110001001101011100101111010100011100110111100 
1011111111010110111011011100010000110000000100000111010010010000 
1011111111000100010101110010110001001100111011000000001111000011 
1011111110110110011000011111010001111001111100011011000001100000 
