0011111110010000100001110100101000111010000010011001101111101111 
0011111110111000011011000010010011101011011010100000101000011010 
0011111111001010000000000011101011011000100010010001111100000000 
0011111111010100001011111011100011000010100111000001111100001011 
0011111111011000100010010000011100110100011110001111000011011001 
0011111111011111011000001001100101100110001110110110110001011000 
0011111111100000010011100101100101101110000100100110001110011000 
0011111111100011011000111110000101001110011111110011000010011100 
0011111111100101101100011000100010100101100111010011100110000010 
0011111111101001111000100110100011000000100110101101011011100100 
0011111111101001111011110111100011101001000100101100110111010100 
0011111111101101000101010011011100000101000001101001010100101010 
0011111111101101110110101001010101011100101110001110001101111000 
0011111111101101011101111110111100011001001111000110101011001111 
0011111111101111100000110011110100101011010011110100111111100010 
0011111111101111010101111111010010111111000110111001001001000000 
0011111111110000000100110001100101110101010010001100100100010100 
0011111111101110101000101011010101011110001010110001101000001110 
0011111111101111110000001111100101011100011010000100000010101100 
0011111111101111001110010111100001101101110010101010000100011110 
0011111111101101110001001110000101100000101101111101100100011111 
0011111111101100111111011101011101111011101111100110111000111010 
0011111111101010100100010000110010001110011000100111101000110001 
0011111111101000010111111010011001000010101001110111101001110001 
0011111111100110100101000110010000100000110001010011110101010011 
0011111111100100101010001011110001011011010011011111100001111011 
0011111111100001100101000000100111000101100001100101101010101001 
0011111111011101111001101111111001000110111010001000101010110100 
0011111111010101101100101000010110100110101010111110011000110011 
0011111111010000000010001101111100110011100011100011111101101000 
0011111111001010111001011001001100110100101101101110011011110010 
0011111110110100011000000011001000101111100100100111011111110110 
0011111101110101001111001001010101011101100101100111001010010100 
1011111110111001011011001011000010010011001110111110001010111011 
1011111111001100111110111111100000011011000001000110110010101101 
1011111111010011000010101101000010010100111110111110100000111101 
1011111111011100110011000111001000011101000010100110100010011010 
1011111111011111011011100100001000100101110001101010000100101111 
1011111111100000111010000100000101010010001001111110111100110010 
1011111111100100100011001101001100001110011010110110011000101001 
1011111111100111011101000010000001000100100010101111111000111100 
1011111111101001001011011110100010111000001011110010001011011000 
1011111111101011000111110010111101110001000100001010101100001010 
1011111111101101010011101001111100110111010001100001001111000001 
1011111111101101111000101111110001001101000010011111111100101110 
1011111111101110000010000110000110101100111001001111000001110001 
1011111111101111011001011101100101110111010001100111011101001011 
1011111111101111001001110001110001111111011100111110001000010100 
1011111111101111101100001010011110111100100110101100111111111000 
1011111111101111001111110001000010100100101101101010000000101000 
1011111111101111101101100000111010000100100011001100011111100101 
1011111111101110000110000010010101000001101111001110111100000001 
1011111111101101000000111001111000011000010011100000110101100111 
1011111111101100100000111000111111011011011010100010010100111101 
1011111111101010011100100110101111000010011010001001001001110010 
1011111111101000111101100111100110101100110111001101110110000001 
1011111111100110110111000001111101011100110111011101101001001111 
1011111111100100100011111110111011101110001001110011100110000110 
1011111111100000111100011001110101001010101011111100001100011101 
1011111111011100011100001100110011011011110111010111100100110000 
1011111111011001110101111011111000011010110110011110010000001110 
1011111111010000001001001010000110100011000101100001000001110001 
1011111111000110101100110011110000000111100010000000101000011011 
1011111110110110110101010000100101101000111010111101001000110110 
0011111110110010101010010011111111001101000101010001010011001001 
0011111111000000010000001011011101010001010100111110111011011100 
0011111111001001111110111001001110011110111100000100101101001100 
0011111111010010110101011000110001001110011010011110100110001000 
0011111111011010010111010101001100110011111100101100011001010010 
0011111111100000100000111000110111110001000010100000101101110110 
0011111111100011100011110100110010001110100010100110101100000100 
0011111111100011111100110100100010110001000111100110010001110011 
0011111111100110110011010001111111001100010111101011010100101100 
0011111111101000111001001001110001111100100000100010000100010000 
0011111111101010001000101010000010100011111011100111000100010001 
0011111111101011101010101000110111101110100111010100011110101110 
0011111111101110000101000111000000000110011011011111011001101010 
0011111111101110011111110101011110011011010011011111110010110011 
0011111111110000101001011001010111010101111000101100111100001000 
0011111111110000000011101001110000110001011000100010010110001001 
0011111111101111011001111010100001111001101100010111110001011010 
0011111111101111001110000101000010000001001111010111011101100101 
0011111111110000000100111011111101110101111010111100100000001101 
0011111111101111000100001001101001010100111001101111100111100111 
0011111111101101000000000000100110111011100101001100011010011101 
0011111111101011111010101101010101001101101010000010010111001110 
0011111111101010000000000011011101100011111011100101101110000101 
0011111111101000100000110100111110001001010101110100010000010011 
0011111111100100111000100011111100111001111100100111000111110001 
0011111111100011100110101011000010011111010000100011100000011010 
0011111111100000110100110100011110110011111100001011101001001011 
0011111111011100000011111011000110100001100000010010110011010000 
0011111111010110100000010011111110010101011011001001001110101001 
0011111111010001001010111001011001011011000100110001100010011110 
0011111111000100110101001000010101001011000100111000001110001100 
0011111110111010110000101000011110111101001010100011011100110100 
1011111110000011001111010100101100000111010110010111110101001010 
1011111110111110010010011100101010001110001100101000110001101011 
1011111111001010010100010111101011101001010001101010011100100110 
1011111111010110110101011101001101101100011001100001101011000100 
1011111111011101001000011111100101100100111000010111011000101010 
1011111111011100110000010101010010100000011100011010111011111011 
1011111111100001011110001111100101010010000100010010000000000000 
1011111111100101000011111011110111100011000111011110110100011010 
1011111111100111000000111001011001011011010110001111011101100010 
1011111111101001011001110101101101100111011011001101010011011101 
1011111111101100100110011011011100100001101000010111010110000100 
1011111111101011101110101001111111001010010101111111111101101101 
1011111111101101100111110000000101101101001111000001010001110001 
1011111111101111110010101000101001011001111100011011000010110101 
1011111111101111001001111100101110001000111011100111001110101011 
1011111111101111111111110011100001100101110000101101100001100011 
1011111111101111011101011010101000101011101011010101111100010000 
1011111111101111110110000010100000000011010010000111101110000000 
1011111111101111010010001001001101110111011110010101110111000111 
1011111111101110000011100001001101011001101100111101010011100111 
1011111111101101001110110001110000010010010100000101001110101011 
1011111111101011110001110011010010010001100111110100110010101001 
1011111111101001110010110110111011101001001110110110001110110100 
1011111111101000100010100100110011111010011111101011010011011110 
1011111111100100110011110110101000110011110111000110101110000110 
1011111111100011111000010011010001011000100110101101000110110010 
1011111111100001000010001100011010010100111100110111010100111100 
1011111111011001111011101000111000100011111111101010100100100010 
1011111111010101001010000111011100110100110011100110010001110001 
1011111111001110100110101001101110110110010011111111000000111000 
1011111111001000000010111011101010110111011100110101010011110011 
1011111110100101100010110110001010010011100100110000000101100111 
