0000000000000000000000000000000000000000000000000000000000000000
1011111110101111000011010010101011011100111110100111010011111000
1011111111001001011010001000001001110100100100100110101110001000
1011111111111010010110110001111001010110101001101000101001000111
0011111111010101001101110100100110101111111010000110001011011100
1011111111000010101010011001010111001010101000100001000000111000
1011111111111110011111110001110110110100011011000100110010011110
0011111111111011001100100111000011110101010000111011010110100110
0011111111100011001001101011001000110101100100110100101010110110
1011111111100110101100100111100110111001100101110000111000100110
0100000000001000111111010110001100111110001101000101111100111100
0011111111110110101010010000100111111100100100101111101001001100
0011111111100111011010110100000111001101101001101111010001000010
0100000000001001111001110100111010001111111000000100111111010010
0011111111111000010000101101011010011100111110100100011100001111
0011111111110011101100010100111100010011111000000111100101111011
0011111111111010100010100110000000000100000000010001001111011000
0011111111101111001110000101111111001100101110001001010100010111
0011111111101000010100001001101011101000110000001111111101110110
1011111111100000001011011001000000011111010011001011001101010101
0011111111100111001000011001000001111000100011101101001101010101
0011111111001111101000110101100111001001010101010010010100011100
1011111111111010101000101001100000110010000010010000000010101100
0011111111110110110010100011001001001010111100011001110110110000
0011111111011000100000011010110010010110110111110011110011000001
1011111111110011111111110100110010001001111110001001000100000000
0100000000000100011000001010000100010110011000100101100111011011
0011111111101011000010111100011000011100000110010010010010110100
1011111111000011011111111000101001010001010110100101001011111100
0100000000000101111101111001011000101001011100101101011011011010
0011111111101001101100111100000011111010011001010111100000001110
0011111111010011111110000110110110011000011101100110110100010100
0011111111110100001000011000001111011111100011001000001010000000
0011111110101000001000001001000110111111001001011110011110110000
1011111111001111011101100110110000101101000110111101011011011000
1011111111110010110111011100000101101011111000000111010001011001
1011111111100100010111010110110000100110010010001101001101011101
1011111111110000110110110000011110110001111011010100010111001100
1100000000000111011011010011111110110111111110010011110110001111
1011111111010110000101111101000010000101011000111111101100000110
1011111111110011010000111010111001101110010010111011110001011110
1100000000000111110111100100111111110010100001101000011001010000
0011111111101001001001000111100000101000011101101001011000110111
1011111111100110100001010000100001100110101011100101110000001001
1011111111111101100101100011111111010000001010111101011010100100
0011111111111000011101110101111101110110010000110001110010100000
1011111111010110100010101010010110001000110101000010101111011000
1011111111101100001110101101100100100000001000100001101001001100
0011111111101001001101100011100010111110101011000110111101011111
1011111111100101000001000111010001000001100110110100000010010110
1011111111101011100010101011101000111000111011100011101100110100
1011111111110010111001110010011011010001100000010100011110010000
1011111111110001110001010000101011000010110011010101000111100000
1011111111110101001000101000101001110010000011101001101001111100
1100000000000111001001101001000111100100001000011000111110011001
1011111111100111101001110101101111101111111010001010010111011011
1011111111110100101001001110010111011110110010100101011011111100
1100000000001000010011010111100101111010101111010011111001110010
0011111111100101011101001001101111001100111111010011101110011110
1011111111011111001101011110010110100010111000101110110000000110
1011111111111011010000010100011010111111010110100111001001101100
0100000000000000110000101000011111110111111110000000000110011011
0011111111011001010111001110100111001011000101101000111010011100
1011111111000110010011010010011101011000101111010001101011100000
0100000000000001100110111110111100001110001000100001110011110100
0011111111100011100101100000010000000101100001000001000101000001
0011111111011011110110011100111110000111010000110110010001101010
0011111111100111111001111100100001100001110001011011111111010000
0011111111010101001110001011001011111110111100101001011101011000
0011111111001010111010100000000010111000001101101101110000100100
1011111111110001000001000110110001010011100110100001010000000100
0011111111011111100101100110100000100110001000001100010100101000
0011111110110110110100000111101100010111111001101001000000011000
1011111111111011010111101110111010100100111101110011100000001110
0011111111111010001101101111001011110001101100011100111010111100
0011111111100100100111000111111111010001000111100100010100000110
1011111111101010000010111000000011010011101010010111010101110000
0100000000001000100110100010010110101001000101001001111001110010
0011111111110110110100001111100000010110001010100011000110011111
0011111111100011000001101011010010100000011001000010110000110000
0100000000001011010110100010111010111001100001110111100000110110
0011111111111001011011000100011100101101100110010001111000011110
0011111111110011011011000111000011111101100111110111100101111010
0100000000000000000111110001000111000101111011110111000100000010
0011111111110000000110011000000110111100100110010000111000010001
0011111111101000100011101010010000101011010011110000001101101111
1011111111010001100000001110111011010101111100001110000001111101
0011111111100000011111010001010010111101111011110001110010110000
0011111110110101111100010000011110101010010100100110110110100000
1011111111111101000010010100001001100100011101100111111100101100
0011111111101110001110000011111101001000100010011000000001011111
0011111110000001101000110001100100100011001110010110011001000000
1011111111111011111101000001000110000000010100000110101101110111
0100000000000000001010011001011110101111000110100111101110000001
0011111111011010110111111010100111000000111110000110011001011011
1011111111100110110101101100001011100101111110000111001010101010
0100000000000011101110101110100000101011001110001110111001111110
0011111111100000001000000101000100001010001111010011110101010100
1011111110110000011011010001100100100000101111101111101100111000
0011111111110100110001110101001001011101101101110000001111111111
1011111111000001110000000011100110100010010001111110001001010010
1011111111011011110011100101110111000000000011110010010010101001
1011111111110000101011001111010000000000111100010111111100001001
1011111111101100001101010101001010101000111011010011001001101111
1011111111110011101001111011001001010000110110001101000110111110
1100000000000111111000101000100000101111011110100010000011101110
1011111111100111110011111110101100110010110110011110001111001100
1011111111110111011100110001000001001100010101110100110100001000
1100000000001010010111010110110100000111011000000111001000000101
0011111111011000110011100100100010011101111100010100001101101000
1011111111101110001111111110111110110001100110000111101101100011
1100000000000001100010100110111001111011101101011011101000110011
0011111111110110110011000110011100010001001101100000000110001100
1011111111011001000001010000000111100001101000011001001100100000
1011111111101111100010111011010001000010010000001011111100110000
0011111111110001110110001111110100100110100011000011010010101100
1011111111011101110001000001100010111010100011110011000100101100
1011111111100101011111000001101110110110110011100001001110110010
1011111111100011001111110111001010000001111100001011110110101100
1011111111101011110000010001111101010100100111100100101011111100
1011111111110000010100000101101100100111101010000110101010000111
1100000000000011001111011010101000111100011111111110111001011100
1011111111100100000111010100001000001010010001111111110101001011
1011111111110001000001011111111001110000011000101110110101001010
1100000000000110101001100001100001100000110001011100001110010111
0011111111100101111100000101110111111011001001011110001101101111
1011111111010101000110001111010000111000010110011100000000001001
1011111111111010101001000100011011100000000100011111010110101111
