0000000000000000 
0011100101011110 
0000101001000000 
1110111101011110 
0000011011000101 
1111111001111110 
0000001011001101 
0001110001001001 
0001001000010110 
0001100001111100 
0010011000001010 
1111000100011000 
1110010011101000 
0011010011111010 
0100000000000000 
0000010011110110 
0000011000001100 
0001001011111101 
0000001111100100 
0001011000010110 
0010000010001101 
0001000101110001 
0010001101110000 
0001010011010111 
1101100110011110 
1111101001101001 
0011111111001101 
0001110001100000 
1110111101100011 
0000000011011010 
1111101110101010 
1111010000100111 
0000101111011001 
0000010001010110 
1111111100100110 
0001000010011101 
1110001110100000 
1100000000110011 
0000010110010111 
0010011001100010 
1110101100101001 
1101110010010000 
1110111010001111 
1101111101110011 
1110100111101010 
1111110000011100 
1110110100000011 
1111100111110100 
1111101100001010 
1100000000000000 
1100101100000110 
0001101100011000 
0000111011101000 
1101100111110110 
1110011110000100 
1110110111101010 
1110001110110111 
1111110100110011 
0000000110000010 
1111100100111011 
0001000010100010 
1111010111000000 
1100011010100010 
0000000000000000 
