0000000000000000 
1111111111111110 
1111111111111001 
1111111111000010 
0000000000001100 
1111111111111011 
1111111110111001 
0000000001000000 
0000000000010110 
1111111111100101 
0000000001110101 
0000000000110101 
0000000000011011 
0000000001111001 
0000000000111001 
0000000000101110 
0000000000111110 
0000000000100101 
0000000000011100 
1111111111101101 
0000000000011011 
0000000000001001 
1111111111000010 
0000000000110101 
0000000000001110 
1111111111010001 
0000000001011111 
0000000000100000 
1111111111111010 
0000000001100111 
0000000000011110 
0000000000001100 
0000000000101111 
0000000000000010 
1111111111110111 
1111111111010100 
1111111111101000 
1111111111011001 
1111111110010010 
1111111111110011 
1111111111010011 
1111111110010000 
0000000000011101 
1111111111100110 
1111111110111011 
0000000000111001 
1111111111110011 
1111111111011111 
0000000000011101 
1111111111100111 
1111111111100000 
1111111111010100 
1111111111010110 
1111111111001111 
1111111110010100 
1111111111100100 
1111111111010000 
1111111110001110 
0000000000011001 
1111111111101110 
1111111111000000 
0000000001001110 
0000000000001111 
1111111111111001 
0000000001010010 
0000000000010111 
0000000000010000 
0000000000011100 
0000000000001100 
0000000000001000 
1111111111011000 
0000000000010010 
0000000000000011 
1111111111000000 
0000000000111101 
0000000000011000 
1111111111100010 
0000000001110011 
0000000000110101 
0000000000010110 
0000000010000000 
0000000000111011 
0000000000101101 
0000000001001011 
0000000000100110 
0000000000011101 
1111111111110110 
0000000000010011 
0000000000000011 
1111111110111100 
0000000000100011 
0000000000000000 
1111111110111111 
0000000001001100 
0000000000010000 
1111111111100101 
0000000001011100 
0000000000010011 
1111111111111110 
0000000000110001 
1111111111111011 
1111111111110000 
1111111111011001 
1111111111011111 
1111111111010010 
1111111110010000 
1111111111100100 
1111111111001001 
1111111110000101 
0000000000001111 
1111111111011101 
1111111110101110 
0000000000110101 
1111111111110001 
1111111111011011 
0000000000101010 
1111111111101111 
1111111111100111 
1111111111101001 
1111111111100000 
1111111111011010 
1111111110100110 
1111111111101000 
1111111111011000 
1111111110010110 
0000000000011010 
1111111111110100 
1111111111000010 
