0000111000010100 
0000110100100001 
0001100011100000 
0001010011010101 
0001111110111111 
0010001101111111 
0010110011111100 
0011010110000101 
0011000011111111 
0010111111000101 
0010110101010011 
0010001100100111 
0010000111010000 
0000101100010110 
0001011001010101 
0001001011010110 
1111100111001101 
1111000001110010 
1111010110110001 
1110000100111011 
1101111110111010 
1101100010011110 
1101001111010101 
1100000000000000 
1100100111101100 
1101010110110001 
1100110010100110 
1101010101111110 
1101110101011000 
1110111011110001 
1110101110110101 
1111101001001111 
