1111001000101001 
0000011010010010 
0001100000000101 
0001101111100110 
0001100111000100 
0010011001010011 
0010101110001000 
0011110101101100 
0100000000000000 
0010110000111101 
0010010100011001 
0011001010100010 
0010000111000000 
0001010011111011 
0000111000010110 
0000110011011000 
0000100110010011 
1110110110010001 
1110100000110110 
1110000101010010 
1101100001100011 
1100111010010001 
1101010000100011 
1100110010100001 
1100000001111110 
1100110001011101 
1101000110101011 
1101101100110101 
1101100001011110 
1110110111010110 
1111010010110101 
0000000000111000 
