1111101100011100 
0000101010001100 
0001100010011100 
0010000100111101 
0010011011001111 
0011000001100010 
0011010111111001 
0011111010000001 
0100000000000000 
0011011111110100 
0011001011000010 
0011001101011110 
0010011111100101 
0001110011000010 
0001001011011001 
0000101001100010 
0000000011110111 
1110111011101000 
1110010101000101 
1101101111010011 
1101001010101011 
1100101001110010 
1100100100011001 
1100010010110100 
1100000001010001 
1100011000001101 
1100101100001101 
1101001100000001 
1101011111011100 
1110011001011000 
1111000001110001 
1111110010100011 
