1101111100011111 
1111111000011101 
0001011011000011 
0001000010001100 
1111111000000111 
0001000011101110 
0001010101010011 
0011101100011110 
0100000000000000 
0001001101010011 
0000100000001011 
0011000100010100 
0001010010110000 
0000010001110001 
0000001111110110 
0001001000010110 
0001101111100011 
1110101010110111 
1110111001110101 
1110110100000001 
1110010010001110 
1101011101010101 
1110101110011100 
1101110101111011 
1100000011011110 
1101100111001010 
1101111110111110 
1110110010101000 
1101100101110011 
1111110111000101 
1111110111001001 
0000011111010111 
