1101011001010100 
1111101000110110 
0001011000101110 
0000101101001110 
1111000100110111 
0000011100001101 
0000101100010010 
0011101000001110 
0100000000000000 
0000011111010001 
1111101010100000 
0011000001011011 
0000111010101000 
1111110011001101 
1111111101001001 
0001010010000001 
0010010001010111 
1110100101100110 
1111000101011000 
1111001001100110 
1110101000101100 
1101101101100001 
1111011001110011 
1110010101000100 
1100000100001011 
1101111111111110 
1110011000111110 
1111010010110111 
1101100111110011 
0000010100100001 
0000000111111010 
0000101101011100 
