0000000000000001 
0000000000100001 
0000000000110100 
0000000001000111 
0000000001011001 
0000000001100110 
0000000001111100 
0000000001111110 
0000000001111111 
0000000010000000 
0000000001101111 
0000000001100100 
0000000001011011 
0000000001000010 
0000000000101011 
0000000000011001 
1111111111111011 
1111111111100110 
1111111111010000 
1111111111000001 
1111111110100101 
1111111110010111 
1111111110010110 
1111111110001001 
1111111110001100 
1111111110001110 
1111111110010111 
1111111110101100 
1111111110110111 
1111111111010011 
1111111111100000 
1111111111111010 
